NGC1333_Temperature.fits 500.0 0.0 7.4225930281460175e+22 4.51721712957936 1.2003879901607901 0.33963957509616954 0.3533400624110927 0.0628027874567259 -0.7284721205633746 -0.47861281295146685
NGC1333_Temperature.fits 500.0 1.0 2.8628562976920627e+22 2.9458350871730534 0.7017444220692758 0.08182954126379102 0.11570489948239142 0.023659298537605882 -0.4113953853880863 -0.3413746108829776
NGC1333_Temperature.fits 500.0 2.0 1.5997871559960957e+22 1.490732821096486 0.32459376693592956 0.029803986610550455 0.05627135196500311 0.016263640198240125 -0.24532613709704726 -0.34538665245430683
NGC1333_Temperature.fits 500.0 3.0 1.2316940465353267e+22 1.1394466218683899 0.21632538904099835 -0.0010882152154587095 0.06636233748044695 0.016956078443387326 -0.20578377673428727 -0.3313269735760712
NGC1333_Temperature.fits 500.0 4.0 1.0185345938304331e+22 0.9079031374503027 0.15155525777582587 -0.006719715990024654 0.043496784516374454 0.018510191469272935 -0.15552689270442446 -0.276750109888452
NGC1333_Temperature.fits 500.0 5.0 8.619640925839484e+21 0.7395547073215633 0.10244125268650843 -0.01173545182377963 0.022139049544256585 0.0148527073792335 -0.13553756630426128 -0.23353924161292539
NGC1333_Temperature.fits 500.0 6.0 7.544539633503642e+21 0.6047609589856123 0.08328986957955885 -0.005471088940507489 0.024556312657380164 0.004701046612157039 -0.11833706039670884 -0.2362681600397684
NGC1333_Temperature.fits 500.0 7.0 6.734737292408776e+21 0.48148844753407 0.06940890929975836 -0.00814825336677972 0.02339599463133693 0.010781798826725466 -0.10475514748011228 -0.20913307928188887
NGC1333_Temperature.fits 500.0 8.0 6.088301103284014e+21 0.3951877041166048 0.04631592051754996 -0.0037730189126124786 0.027891036690933887 0.01938818264996058 -0.09145702126457601 -0.20736815924659377
NGC1333_Temperature.fits 500.0 9.0 5.577314144874799e+21 0.3203959574733246 0.0418649840176792 0.003900648936137731 0.01792577256120193 0.01704847914786291 -0.0748279736300958 -0.1957007855143497
NGC1333_Temperature.fits 500.0 10.0 5.187244741360232e+21 0.24413648934143745 0.027225191975634947 0.0039326496196277995 0.02088152170140485 0.007876216876104028 -0.06546051109378098 -0.2195990329198508
NGC1333_Temperature.fits 500.0 11.0 4.901124084577641e+21 0.18097287710728407 0.015006908170250226 0.00910158682292376 -0.005042836046857738 0.002391120646790767 -0.06839810876042622 -0.2432732122501987
NGC1333_Temperature.fits 500.0 12.0 4.658008656721077e+21 0.1670242997327192 0.014248986030328802 0.009843925748009692 0.0037235385699457067 0.01084743141589328 -0.05962570220379654 -0.21736071564060658
NGC1333_Temperature.fits 500.0 13.0 4.452363820516788e+21 0.15052657250597024 0.013908513595739662 0.0047688500286818935 -0.005734164083907106 0.012031315705740305 -0.05318950164212407 -0.20966171184973825
NGC1333_Temperature.fits 500.0 14.0 4.260560447579356e+21 0.13603234986236665 0.011357086653507943 0.013731231162803984 0.006265434670440969 0.0125597027337472 -0.05175474841722335 -0.18504744368132836
